5 0 1 2 64 65 9 8
12 13 14 15 71 66 76 75
18 19 20 21 77 72 82 81
24 25 26 27 83 78 88 87
30 31 32 33 89 84 94 93
36 37 38 39 95 90 100 99
42 43 44 45 101 96 106 105
48 49 50 51 107 102 112 111
54 55 56 57 113 108 118 117
67 68 69 70 60 61 125 124
126 127 128 129 185 180 190 189
132 133 134 135 191 186 196 195
138 139 140 141 197 192 202 201
144 145 146 147 203 198 208 207
150 151 152 153 209 204 214 213
156 157 158 159 215 210 220 219
162 163 164 165 221 216 226 225
168 169 170 171 227 222 232 231
174 175 176 177 233 228 238 237
245 240 241 242 304 305 249 248
250 251 246 247 255 256 194 193
257 252 253 254 316 317 261 260
262 263 258 259 267 268 206 205
269 264 265 266 328 329 273 272
274 275 270 271 279 280 218 217
281 276 277 278 340 341 285 284
286 287 282 283 291 292 230 229
293 288 289 290 352 353 297 296
306 307 308 309 365 360 370 369
312 313 314 315 371 366 376 375
318 319 320 321 377 372 382 381
324 325 326 327 383 378 388 387
330 331 332 333 389 384 394 393
336 337 338 339 395 390 400 399
342 343 344 345 401 396 406 405
348 349 350 351 407 402 412 411
354 355 356 357 413 408 418 417
425 420 421 422 484 485 429 428
430 431 426 427 435 436 374 373
437 432 433 434 496 497 441 440
442 443 438 439 447 448 386 385
449 444 445 446 508 509 453 452
454 455 450 451 459 460 398 397
461 456 457 458 520 521 465 464
466 467 462 463 471 472 410 409
473 468 469 470 532 533 477 476
486 487 488 489 545 540 550 549
492 493 494 495 551 546 556 555
498 499 500 501 557 552 562 561
504 505 506 507 563 558 568 567
510 511 512 513 569 564 574 573
516 517 518 519 575 570 580 579
522 523 524 525 581 576 586 585
528 529 530 531 587 582 592 591
534 535 536 537 593 588 598 597
